-0.706669012 -0.781751951 -0.380229204 -0.343453203 13.613418 9.293636 14.578558 -3.467100 -9.335505 -1.838646
0.781529871 -0.711337850 0.900697938 -0.193967134 -21.748620 -1.612504 -43.993774 7.814880 -7.517490 -9.894075
-0.181754239 -0.541477108 0.143246777 -0.081275238 27.669567 2.714200 -14.403394 7.724432 -5.254406 4.370536
-0.393255575 -0.657530147 0.594430379 -0.092579697 38.865094 -38.123591 4.949863 -8.591405 -9.960904 2.820529
-0.703367559 0.877886362 -0.119703708 -0.813530962 -24.266331 48.960722 -2.417247 3.921731 3.675283 -9.432522
0.285800356 -0.169848392 0.519348522 -0.992068830 36.230685 26.132675 -28.430582 -5.829004 -5.456107 9.815000
0.670147802 -0.059967909 -0.004556014 -0.627594079 24.175977 -33.736690 -38.698736 0.426894 -2.382309 -7.897076
-0.841080638 -0.137531178 0.467706781 -0.263894231 -5.675411 29.064469 -33.207064 8.658451 3.546483 -2.773571
-0.564237348 0.004486671 -0.353981705 0.680209317 34.440982 36.547807 3.770417 0.239617 4.515135 3.654439
0.280408932 0.288593657 0.473585352 -0.584694463 32.027772 -5.669192 15.183702 -1.651139 9.683203 -4.048405
-0.622034271 0.537962687 0.563579799 0.072544093 -35.080058 -6.739230 12.535400 -4.603341 -9.707882 -1.429917
-0.068612605 -0.878244092 0.896431172 0.138719864 39.394720 22.993352 22.683063 9.611300 -3.449780 0.846693
